7671422834215767317
7671083158976171285
7670718223968472340
7669982190083525908
7668490444413603092
7668042876626013461
7667288946963008789
7666183627155328276
7665517051334724885
7665165415303122197
7664701072555953428
7663901477957635348
7663575846501813525
7663206773804895509
7662839136952323348
7662547760889253141
7662126463843323156
7661120755689622804
7660625882742033684
7660351405693193492
7659909537440255253
7659470375130008852
7657629501546925333
7655870891410214164
7655437970811473173
7655137224278756629
7654783297205144852
7654377050282790165
7650237113006411029
7649504583479299348
7649175424492260628
7646982091124559124
7646525085045509396
7645054665092009237
7644739740478065940
7644279630396099861
7643972576695373076
7642836694445673748
7642452714403794197
7642115339018407189
7641779018240412948
7637640113299737876
7636583308448599317
7636212372314656021
7635021633719258389
7634374430377905429
7633994171572849941
7633573193524989204
7632877404746288392
7632510294685781266
7631774634228337928
7631025088166415623
7630564268634754311
7629832304650669320
7629170691954216200
7628818665546304775
7628425588612664594
7627919154137353490
7627276096391859464
7626819364720807176
7626500185027415304
7624731366067817735
7624344691345034514
7623972451344502023
7623611521351847175
7623226542344260882
7622121760149753106
7621737556601736455
7621375466934422792
7621011068156005639
7620642981019749640
7619831344880749842
7619444213503036690
7619141217955138823
7618776417018367240
7618011579032079624
7616539866028952840
7616209125550148882
7615814685035744530
7615302578259102983
7614653819594509575
7614296122848300296
7613977057697058056
7613570355826789639
7613215982009584903
7612827198180920584
7612349809017523463
7611719762724310280
7611347717662461191
7611007830832778503
7610624738473397522
7610237910884830482
7609132422566808850
7609033135665302802
7608754271860968722
7608738260503842066
7608613562558270738
7608354064639757575
7608021758108568850
7607638067012275464
7606536432001387783
7606175523869428999
7605805946857688327
7605433400375201032
7604986045821750546
7604201724147977479
7603831881427062023
7603556888612965640
7603162231794142472
7602694318851099911
7601263409409117447
7600855886260702482
7600492570870861063
7598715280830893330
7598331666028858632
7598255681136889106
7597884012924800264
7563370292471418119
7562260410964053266
7561924600725081352
7561489771776773394
7561115599921777927
7560874837967670535
7560761698940898567
7559707286206205192
7555668365155650834
7538623679106960658
7535898715249315080
7534161049331813640
7532213526727838994
7529609062510562568
7527321733964057874
7526310545553771783
7524496430212369682
7521925759766760711
7520395800833215762
7510008858367020295
7507749328899804424
7501166279743655175
7500607967553752327
7499636773811801351
7495959110219795719
7493242213325982982
7484664906449505542
7484367626353806647
7483712518771199238
7483539947723574533
7483293939269766405
7478401516009803015
7475131915662576951
7473721129899805970
7473223563332422967
7473211163044613431
7470362938239503621
7462760696539925765
7458090368517688582
7456986277200628998
7445413846585462021
7445098452041633079
7444247469635996984
7443169065599913271
7442795223660367159
7439462818115554615
7439067061667532088
7439036857943362871
7437663384633478455
7437176187144686904
7436852288360140088
7436434312297336119
7436080097930644792
7435323384872848695
7434991095412542775
7428686246253251845
7428309391587298565
7424243738328714502
7421989052192132358
7421630407344409861
7410227669230505222
7408008036054306053
7403040919189982469
7402317419907206406
7394537652113968389
7394284868214983941
7392326570800663813
7392047260676214021
7390123497336605958
7387100035592277254
7386824231981567237
7384167413186710790
7384135178131623173
7382643586250116357
7379372447419747590
7376737419909025030
7374526126321863941
7373868094546103558
7371176923550027013
7366370666003713301
7363826631582043409
7361154210198473990
7359639066062621957
7358296810961652997
7355583827906956550
7355295521960922373
7354417810606542086
7353416818028989701
7346418544147451141
7345924802307214597
7345915711405001990
7341082798603717894
7339760484565912837
7334076509738765573
7309692234851454214
7306303850770648325
7294377508781280517
7288054280890682629
7286165820743355653
7281002778430934278
7276608138214755590
7270214828654923013
7226767555912895749
7226084005165501701
7224602736946318597
7223478827085827333
7223454437665279237
7223126346728361222
7222366026300706054
7221587119876148485
7220868820733316357
7220516923241450779
7215335501006523653
7213084043963911429
7211523111710248197
7210822251896196358
7210070065729801477
7208554398870408453
7207591046224628998
7206759028939115781
7206344529916579077
7206164070041505030
7205686051539668229
7205364963567734021
7205022375623036165
7205001006181043462
7204868752633023749
7203782375535430917
7203422923628072198
7202722681932795142
7189723186399825158
7187201960301382918
7187111331194014982
7184146095407222021
7180174278787190021
7177039288431906054
7176744359180668166
7176362705144614150
7174506449668689158
7173367588574055685
7171542217159396613
7171487398537334021
7171149914443910406
7169814794684435717
7169291850589687045
7168944343858875653
7167452732826160390
7167142855893454085
7166328495633632517
7166038496866569477
7164881968725888261
7164123577241931013
7164110254932757766
7163709299112430854
7162377894470126854
7161851425239141638
7161578706220207366
7161117151334567174
7159997043354717446
7159681668595322118
7159364240946547973
7158882893484330246
7158524760253631749
7158180023671819525
7157755394532691205
7157327178626059526
7157079329116065030
7156586981298883845
7156308807193300229
7155992987196001542
7155890615606103302
7155487673426218245
7155125057138756869
7154752898285456645
7154418835116920070
7154383910921620741
7154156572690648326
7154026032108997894
7153772280777133318
7153642139543457029
7153417787971538181
7153280240964357381
7152974326927494405
7152645085224586501
7152316689407872261
7152250238814653702
7151930253919669509
7151551072115412229
7151442750959897862
7151094809782963462
7151091225095884037
7150729919184620806
7150721770230762758
7150376307858132229
7150368121851890950
7150353055148641541
7149302959015349509
7149255100006026501
7148931609532583173
7148529237694237957
7148221263377403142
7147914670593133829
7146709404799225093
7146706340780526853
7146634854971493637
7146293634911030533
7146013353515715845
7145533444016147718
7144094733932039429
7142931512927735046
7141452913397779717
